1 7 3523 3509 11463 6547 9523 13883 13368 
1 7 11535 6599 9578 3549 9523 13883 13368 
1 4 9434 11563 6569 3549 
1 3 575 11483 6504 
1 3 3447 3402 6504 
1 14 6960 9898 11711 9728 11716 6786 6613 11794 648 3652 3669 3506 11491 13368 
1 4 11834 11849 11877 9728 
1 4 3594 3770 6786 6613 
1 9 13368 9725 512 3493 11631 3671 9478 503 11465 
1 12 3671 11596 11869 625 3598 6792 11565 9737 9717 929 3749 6766 
1 7 512 3493 6688 3655 6651 3626 620 
1 5 769 590 11576 6644 3655 
1 2 3652 9642 
1 2 13011 551 
1 15 13368 11506 11518 6949 551 11732 3533 9505 11488 11516 521 1346 9503 6529 678 
1 4 11516 9559 11502 11531 
1 4 13368 11506 9561 3402 
1 5 11548 9500 11420 454 9561 
1 16 6440 11542 9429 583 3553 6562 6590 9567 9412 9427 11413 442 6499 6522 9468 11479 
1 6 11666 6739 3718 557 11511 6562 
1 3 557 3569 3553 
1 5 9660 684 11646 11644 11659 
1 5 3649 9606 646 679 11646 
1 6 9660 11663 9676 6720 13798 11666 
1 14 11586 3614 3617 619 9608 9643 11610 9624 3670 11627 13796 13797 9661 11666 
1 3 624 11581 3654 
1 4 14195 13841 599 6626 
1 4 599 9627 9596 3654 
1 4 3670 682 6703 9660 
1 7 9661 11630 9646 665 596 9611 3670 
1 2 3654 596 
1 14 6780 3782 776 11726 3780 969 11568 603 3604 11584 628 9613 11595 6626 
1 2 3780 607 
1 2 3780 9584 
1 2 819 955 
1 2 13298 11751 
1 2 9904 13298 
1 3 6946 9907 9879 
1 3 9750 910 9907 
1 4 6946 14147 1616 9907 
1 8 6606 9752 14141 6790 3773 9741 11730 6780 
1 2 9741 11726 
1 3 6788 771 9741 
1 3 11721 9738 6780 
1 2 6103 11374 
1 4 6103 11333 13070 11446 
1 2 13070 3501 
1 4 11374 221 271 322 
1 2 9458 11446 
1 3 9458 507 6103 
1 4 6103 9239 6221 3369 
1 4 3369 9484 3463 540 
1 3 3369 7239 9297 
1 5 6103 11221 9268 6270 9297 
1 3 9268 11279 6237 
1 3 9297 11345 6237 
1 3 11345 6318 6384 
1 2 6237 9315 
1 2 9315 6318 
1 3 6318 9379 9315 
1 3 9379 9269 11297 
1 6 11221 296 9322 3353 9250 11297 
1 4 9379 9332 11270 351 
1 4 6384 6335 6399 11332 
1 3 9379 6268 6335 
1 4 351 11299 11378 9392 
1 4 11332 11218 6320 9392 
1 5 6320 6395 3273 9383 9392 
1 4 9383 6300 3150 11136 
1 4 6384 3205 9364 6363 
1 4 3369 6378 377 407 
1 4 3447 13081 9444 6537 
1 2 13081 3516 
1 2 3516 516 
1 4 11483 3576 9536 516 
1 2 3576 6560 
1 2 6560 516 
1 5 516 6598 3262 9498 391 
1 2 6241 391 
1 5 6241 9363 3512 6469 6570 
1 5 6570 587 9522 11562 6537 
1 3 11531 563 3558 
1 4 9503 6542 3530 3558 
1 3 6542 6712 11640 
1 3 678 11640 3679 
1 2 692 3705 
1 3 4245 10077 4644 
1 3 14137 4045 12137 
1 3 11751 9904 11846 
1 6 6521 375 11219 9294 9320 11331 
1 9 6521 375 11219 9294 9320 9347 3368 6257 6389 
1 11 6521 3499 9456 3522 9375 526 6377 6263 6298 6325 9347 
1 8 3522 6487 9560 11545 3535 11481 9471 9441 
1 4 3535 514 11481 9471 
1 9 3522 6487 9560 11545 3535 514 573 3514 11401 
1 12 3522 6487 9560 11545 3535 514 573 3514 9535 11517 6595 552 
1 15 6521 13497 11505 9496 11415 3572 11517 6534 3545 9570 6512 9511 11467 13663 6464 
1 10 6521 13497 11505 3207 6282 6390 6309 9387 388 6558 
1 10 6282 6390 6309 9387 9252 11260 279 3324 389 362 
1 4 362 3380 6402 6332 
1 12 6521 3499 9560 6582 425 11402 3500 9524 564 11431 6535 495 
1 4 495 6469 6570 9482 
1 10 6469 6570 3547 11494 6444 6488 9486 3524 11533 564 
1 10 564 11533 3524 9486 6488 589 6568 3530 519 9545 
1 5 519 11499 708 3705 692 
1 7 692 3705 6540 561 11544 9416 6421 
1 4 819 3923 11803 955 
