state_groups = {
    schema = {
        any_key = yes
        array = state
    }

    cossak_host = {
        217
        235
        236
        406
        563
        564
        583
        588
        590
        652
        791
        1216
    }

    cossak_host_region = {
        1333
        265
        245
        238
        234
        218   
    }

    siberia = {
        40
        329
        408
        516
        560
        562
        563
        564
        565
        566
        567
        575
        577
        568
        569
        570
        571
        572
        574
        576
        578
        579
        582
        583
        588
        590
        653
        637
        644
        754
        1372
        1374
        1375
    }
    middle_asia = {
        402
        404
        406
        407
        583
        587
        588
        589
        590
        943
        1324
        1364
        1370
    }

    france = {
        14
        30
        23
        19
        25
        31
        971
        22
        21
        32
        20
        26
        33
        24
        27
        17
        972
        28
        18
        29
        976
        975
        15
        16
        814
        1329
    }

    japan = {
        282
        526
        528
        529
        531
        532
        533
        534
        535
        536
        750
        1053
        1054
        1106
        1190
        1210
        1231
        1257
        1258
        1259
        1260
        1261
        1263
        1264
        1265
        1266
        1267
        1268
        1269
        1277
        1324
    }

    senegal = {
        272
		859
		863
		862
		861
		806
		864
    }

    manuritania = {
        557
        835
        836
        857
        866
        1163
    }

    mali = {
        771
		774
		856
		786
		853
		850
		858
		1341
		1390
    }

    guiena = {
        1109
		851
		854
		852
		773
		762
    }

    sierra_leone = {
        765
        767
        700
    }

    nigeria = {
        558
		873
		872
		871
		874
		796
		798
		800
		1218
		1219
		1284
		1383
		764
		766
    }

    gabon = {
        539
		880
		893
		794
		883
		876
		878
		1287
    }

    kongo = {
        888
		793
		937
		892
		295
		900
		718
		875
		900
		899
		901
		538
		538
		882
		887
		884
		898
		935
		1215
		1211
		877
    }

    angola = {
        824
		540
		934
		933
		932
		936
		1212
		1213
    }

    nambia = {
        829
		831
		541
		828
		827
		1214
    }

    rhodesia = {
        545
		931
		844
		928
		930
		1159
		1162
    }

    zanzabar = {
        825
		904
		546
		907
		905
		896
		908
		896
		894
		929
		894
		895
    }

    kenya = {
        826
		906
		910
		911
		547
		912
		913
		915
    }

    uganda = {
        548
		909
		903
		897
		902
		792
    }

    ghana = {
        274
		847
		846
		1110
		1108
		1227
    }

    togo = {
        768
        1111
    }

    niger = {
        770
		515
		855
		1299
		542
    }

    benin = {
        769
        1043
    }

    chad = {
        789
		660
		838
		1092
		860
		1339
		1381
		1050
    }

    ivory_coast = {
        848
		761
		556
		788
		849
    }

    burkina_faso = { 772 }

    central_africa = {
        763
		839
		1206
		1042
    }

    equatorial_africa = {
        891
		879
		881
		805
		885
		890
		889
		1298
		1340
		1164
    }

    indochina = {
        288
        640
        989
        996
        780
        778
        777
        1161
        670
        988
        1351
        1352
        289
        724
        985
        986
        987
        990
        783
        802
        775
        741
        991
        994
        995
        998
        784
        286
        671
        992
        993
        1336
        1337
        1353
        1173
    }

    siberia_2 = {
        516
		565
		575
		576
		577
		578
		579
		637
		644
		1372
		1374
    }
}