1 7 3523 3509 11463 6547 9523 13883 13368 
1 7 11535 6599 9578 3549 9523 13883 13368 
1 4 9434 11563 6569 3549 
1 3 575 11483 6504 
1 3 3447 3402 6504 
1 14 6960 9898 11711 9728 11716 6786 6613 11794 648 3652 3669 3506 11491 13368 
1 4 11834 11849 11877 9728 
1 4 3594 3770 6786 6613 
1 9 13368 9725 512 3493 11631 3671 9478 503 11465 
1 12 3671 11596 11869 625 3598 6792 11565 9737 9717 929 3749 6766 
1 7 512 3493 6688 3655 6651 3626 620 
1 5 769 590 11576 6644 3655 
1 2 3652 9642 
1 2 13011 551 
1 15 13368 11506 11518 6949 551 11732 3533 9505 11488 11516 521 1346 9503 6529 678 
1 4 11516 9559 11502 11531 
1 4 13368 11506 9561 3402 
1 5 11548 9500 11420 454 9561 
1 11 6440 11542 9429 583 3553 6562 6590 9567 9412 11398 13832 
1 6 11666 6739 3718 557 11511 6562 
1 3 557 3569 3553 
1 2 3654 596 
1 2 819 955 
1 8 6606 9752 14141 6790 3773 9741 11730 6780 
1 2 9741 11726 
1 3 6788 771 9741 
1 3 11721 9738 6780 
1 5 11483 9536 3576 9536 516 
1 3 4245 10077 4644 
1 3 14137 4045 12137 
1 3 11751 9904 11846 
1 4 819 3923 11803 955 
1 9 516 9536 13081 9472 3447 3402 9561 11506 13368 
1 2 516 6560 
1 4 4076 7164 3996 7011 
1 2 7011 12049 
1 7 1284 7433 10320 10230 7289 7345 4345
2 2 7462 1282
1 2 7462 12221
2 2 7462 14489
1 2 14489 6719
2 2 7462 14488
2 2 14488 12202
2 2 14488 3732
2 2 14488 14489
1 2 14489 14490
1 2 6719 10481
2 2 3732 14455
2 2 3732 3712
1 2 10481 14456
1 2 733 14454
2 2 14454 14455
2 2 14454 3712
2 2 3712 14453
2 2 14453 14456
1 2 14453 14452
1 2 14452 3715
2 2 14453 14451
1 2 10481 14494
1 2 14494 14496
1 2 14496 14493
2 2 14496 14499
2 2 14456 14499
2 2 14499 4445
2 2 14456 4445
1 2 14452 4445
2 2 4445 14498
2 2 14498 14497
2 2 14497 14492
1 2 14497 14500
1 2 14500 9675
1 2 9675 14501
2 2 9675 14502
2 2 3715 14502
2 2 14502 715
1 2 908 715
2 2 908 14463
2 2 715 14463
2 2 14463 718
2 2 3715 3710
2 2 718 3710
2 2 14451 6732
2 2 3712 14462
2 2 6732 14462
2 2 3906 14461
2 2 14461 14462
2 2 6732 14461
2 2 3710 6732
2 2 3710 3906
2 2 3906 14459
2 2 3906 14460
1 2 14459 905
2 2 3906 14436
2 2 14436 11830
2 2 11830 14437
1 2 14437 14439
1 2 11830 9832
2 2 9832 3710
2 2 9832 14439
1 2 9832 14440
2 2 14439 6909
1 2 9832 14441
2 2 14441 6909
2 2 6909 14438
2 2 14438 9847
1 2 9847 9850
2 2 908 9850
2 2 14438 14441
1 2 14441 14440
2 2 14441 718
2 2 9847 14519
2 2 908 3806
2 2 908 14538
1 2 14501 14538
2 2 9675 11665
1 2 9675 14539
2 2 14519 3878
2 2 3878 8086
2 2 8086 859
1 2 3894 3878
2 2 3894 14517
1 2 14517 6911
2 2 6911 706
1 2 706 11660
2 2 14519 14518
2 2 14518 6911
2 2 6911 3806
2 2 3806 14537
1 2 14538 11665
1 2 11722 14539
2 2 11722 9693
2 2 9693 14537
1 2 14537 14540
1 2 9693 14540
2 2 9693 14532
1 2 598 3602
1 2 598 6778
1 2 6778 9754
2 2 9754 6916
1 2 6778 14532
1 2 14532 6916
1 2 6916 9708
1 2 9708 14540
1 2 9708 14533
1 2 14533 6717
2 2 6717 6916
2 2 6916 3747
2 2 3747 14532
1 2 14532 14530
1 2 14530 14531
1 2 14531 11650
2 2 11650 6795
1 2 6795 14533
1 2 6795 3702
1 2 3747 3702
2 2 11650 14534
2 2 11680 14534
1 2 14534 14528
1 2 14528 14527
1 2 14527 14526
2 2 14526 3733
1 2 14526 14529
1 2 14529 14530
1 2 14530 3733
2 2 3733 734
2 2 14526 734
2 2 734 14525
1 2 14525 14524
2 2 14524 11680
1 2 11680 14525
2 2 14525 14522
2 2 14522 11654
1 2 734 14521
2 2 14521 14520
2 2 14520 11654
2 2 11654 6707
1 2 6707 9664
2 2 9664 14524
1 2 11654 14523
1 2 14523 14525
2 2 6707 3687
1 2 3687 14541
1 2 14541 6705
1 2 14541 14555
1 2 14555 6705
2 2 6705 14542
2 2 14542 11800
1 2 11800 14543
1 2 11800 6705
2 2 11800 14554
2 2 14554 14544
2 2 11800 14557
2 2 14554 14557
1 2 14555 14556
1 2 3687 9662
1 2 9662 14556
1 2 14556 3880
1 2 3880 11648
1 2 11648 9664
1 2 3880 880
1 2 880 14557
1 2 14557 14558
2 2 14558 11789
2 2 14554 11789
2 2 11789 9789
1 2 9789 11769
1 2 11769 14560
2 2 14560 847
2 2 14558 3850
2 2 3850 14559
2 2 14559 847
2 2 847 14563
1 2 847 9804
2 2 14563 14565
2 2 9804 14565
2 2 14565 14562
2 2 14562 3847
1 2 14565 822
2 2 822 3824
2 2 14565 3824
2 2 3824 14545
2 2 14545 14546
2 2 14546 6845
2 2 6845 14547
2 2 6845 14548
1 2 14547 14548
1 2 14548 14552
1 2 14552 14553
2 2 14553 9820
2 2 14547 14550
2 2 14550 14553
1 2 14553 14565
1 2 9820 14565
2 2 14565 11785
1 2 11785 14568
1 2 11785 9820
2 2 14553 11799
1 2 11799 862
2 2 862 14572
2 2 14572 3897
1 2 3897 891
2 2 14572 14571
2 2 14571 14549
2 2 14549 11660
1 2 14549 6795
1 2 11680 3697
1 2 3880 702
1 2 702 14566
1 2 14568 11817
1 2 14566 11817
1 2 11817 894
1 2 894 14534
2 2 3894 3693
2 2 3693 14504
2 2 14504 14505
2 2 14505 14507
1 2 14507 14506
1 2 14506 3693
1 2 14506 3863
1 2 3863 891
2 2 3863 14509
1 2 14509 14552
2 2 14509 14510
2 2 14510 14508
2 2 14508 14505
2 2 14508 11782
2 2 11782 14511
1 2 14511 14509
1 2 14511 14548
2 2 14511 11900
1 2 11900 9801
1 2 9801 9864
2 2 11900 14512
2 2 14512 14514
1 2 14514 11900
3 2 14432 9786
2 2 9786 14433
1 2 10352 14431
1 3 14431 14430 14429
1 5 14429 14427 14426 14423 14421
2 2 14421 14420
1 3 14421 14419 12353
1 2 12353 14417
1 2 14417 14414
1 3 14414 14413 14406
2 2 14406 12381
1 6 14406 14407 14411 14410 14409 14408
1 8 14406 14407 14404 1572 14399 14398 14397 14391
1 13 12149 7291 9601 4345 4270 6625 3605 11567 9580 6797 3775 3763 749 
1 2 6625 3778
1 4 3605 6630 3635 3661
1 4 3763 774 722 9667 
1 2 6710 6769 
1 7 6710 11656 691 695 9654 6713 9450 
1 2 11656 689 
1 4 689 3685 9825 6890 
1 2 4342 634
1 2 1572 12353 
1 3 7202 1547 10465 
1 3 1547 10029 7012 
1 5 7012 10047 11927 1019 1132 
1 2 6943 788 
1 2 12353 10407 
1 4 689 870 9653 4437 
1 6 870 9653 4437 1655 720 12697
1 3 9450 12312 11589 
1 7 4437 10461 7611 10339 10393 10478 7306 
1 3 10449 1453 7552 
1 2 4535 7552 
1 4 10029 7527 1485 9949 
1 2 10343 7646 
1 4 11635 12437 4531 4437 
1 2 12437 1595 
1 4 11621 1881 4527 4601 
1 2 4527 1595 
2 5 4601 11776 11760 659 9825 
1 2 6855 659 
1 4 1595 7551 9810 870 
1 3 9810 831 11776 
1 3 6696 12709 12568 
1 2 6696 1881 
1 4 516 6598 3262 6496 
1 5 6380 3259 344 11250 6245 
1 13 3151 6174 79 3072 71 6154 11191 110 9333 2999 11315 3215 6245 
1 4 6115 11184 11078 11078 
1 8 3780 969 11568 603 3657 11584 628 9613 
1 3 11833 6946 9907 
1 5 391 6241 9363 3512 6469 
1 6 391 68 3211 9498 11456 6241 
1 2 9209 6084 
1 2 9209 9185 
1 2 11091 9117 
1 5 3379 3242 11303 11257 385 
1 4 3379 3242 3359 11293 
1 6 11293 3342 9310 11267 9284 6289 
1 2 9284 7394 
1 2 11267 11237 
1 3 3342 303 369 
2 4 6103 11333 13070 3501 
1 4 6103 507 9458 6489 
1 5 9458 11446 13070 11333 6103 
1 5 3369 6221 9239 6103 11374 
1 2 3369 11471 
1 4 3369 9484 3463 540 
1 2 540 6526 
1 2 9239 9268 
1 4 11374 221 271 322 
1 2 271 11253 
2 3 6103 11221 296 
1 5 296 9322 3353 9250 11297 
1 3 322 3287 296 
1 3 3369 7239 9297 
2 4 9297 6270 9268 11221 
1 4 3369 6378 377 407 
2 4 9297 11345 6318 6384 
1 6 6384 6335 6268 9379 9269 11297 
1 2 6318 9379 
1 3 6318 9315 6237 
1 4 9268 11279 6237 9315 
1 3 11279 364 9322 
1 3 6237 11382 9250 
1 3 9315 11382 9250 
1 4 9297 3301 3205 6384 
1 4 6384 3205 9364 6363 
1 4 9379 9332 11270 351 
1 2 9332 11317 
1 3 351 219 11332 
1 3 6335 6399 11332 
1 4 11332 11218 6320 6395 
1 3 9392 6320 6395 
1 4 6395 3273 9383 6300 
1 3 9392 9383 6300 
1 4 351 11299 11378 9392 
1 3 6332 6402 3380 
1 4 279 3324 389 362 
1 3 9387 388 6558 
1 4 6558 3460 3510 9570 
1 4 9570 6512 9511 11467 
1 3 11467 13663 6464 
1 4 9570 3545 6534 11517 
1 3 11517 6595 552 
1 4 11517 3572 11415 9496 
1 2 9496 537 
1 2 11505 9496 
1 3 11404 9441 9471 
1 2 11401 3514 
1 11 9652 692 3705 6540 561 11529 11544 9572 6421 3474 11404 
1 3 3705 6693 11638 
1 4 6568 519 11499 9655 
1 2 519 9545 
1 6 6568 3530 6542 6712 11640 3679 
1 2 6542 9503 
1 3 6568 589 6488 
1 4 6568 3558 11560 6444 
1 3 3558 549 9503 
1 3 3558 563 11531 
1 2 11560 589 
1 2 6444 6488 
1 2 11560 3423 
1 5 564 11533 3524 9517 6488 
1 4 3535 11545 6582 425 
1 6 425 11402 3500 13665 9524 564 
1 4 11545 9560 6487 3522 
1 4 3522 9456 3499 6521 
1 2 3499 9560 
1 3 3522 11359 11219 
1 6 6521 375 11219 9294 9320 9347 
1 3 9294 11305 13891 
1 3 11305 11276 321 
1 2 9320 11331 
1 5 9347 3368 6257 6389 317 
1 3 6287 6393 3260 
1 5 9347 6325 6298 6218 526 
1 3 526 11468 3522 
1 2 6377 526 
1 3 564 11493 6377 
1 4 6377 3395 3271 3326 
1 2 526 11493 
1 3 9509 405 3395 
1 3 564 11431 9443 
1 2 6469 6570 
1 2 587 3547 
1 3 587 3444 9522 
1 2 6469 3444 
1 2 6469 9482 
1 6 11360 11264 9281 11346 6622 495 
1 3 9509 11388 11346 
1 4 6421 11417 6594 589 
1 8 516 13068 9574 11519 6537 11562 9522 587 
1 2 587 6570 
1 3 6469 495 9443 
1 3 3499 6441 514 
1 5 514 573 3514 9535 11517 
1 2 514 3535 
1 3 573 11432 6440 
1 2 3535 11481 
1 2 514 11481 
1 3 3535 14285 9471 
1 10 6521 11505 3207 6282 6390 6309 9387 9252 11260 279 
1 7 3544 9400 9508 11428 584 3586 13832 
1 8 3151 6174 11080 181 6139 3053 11097 11202 
1 2 9279 11376 
1 2 3938 858 
1 2 11707 3729 
1 2 903 9700 
1 2 9764 854 
1 2 7622 10498 
1 5 858 11863 3953 942 832 
1 2 11805 924 
1 7 6666 9622 9620 11604 663 11623 661 
1 2 11590 3612 
1 2 13842 9622 
1 2 9638 11604 
1 3 663 11601 661 
1 5 596 9646 9648 9661 11666 
1 4 599 9627 6650 3654 
1 3 13798 3700 9692 
1 2 6739 9692 
1 6 9692 3716 11679 6561 9690 9660 
1 2 9660 684 
1 2 684 6700 
1 3 9661 13830 686 
1 5 11666 3700 13798 6720 9676 
1 2 9412 6464 
1 4 9427 11413 442 6499 
1 2 11398 11413 
1 4 11467 506 13832 9427 
1 2 14288 11584 
1 4 6780 3782 776 11726 
1 2 3780 9584 
1 2 3657 6656 
1 2 6582 9560 
1 3 495 6535 9509 
1 3 6570 9482 495 
1 3 303 11287 9303 
1 4 6946 14147 1616 9907 
1 3 11726 776 6635 
1 2 3923 9826 
1 2 14295 14294 
1 3 11499 708 3705 
1 2 11640 9638 
