1 101 
1 121 
1 122 
1 141 
1 191 
1 192 
1 271 
1 306 
1 310 
1 351 
1 362 
1 377 
1 383 
1 385 
1 391 
1 418 
1 514 
1 516 
1 519 
1 525 
1 564 
1 575 
1 587 
1 692 
1 740 
1 819 
1 974 
1 1023 
1 1028 
1 1047 
1 1069 
1 1073 
1 1182 
1 1185 
1 1349 
1 1396 
1 1440 
1 1449 
1 1550 
1 1575 
1 1597 
1 1965 
1 1984 
1 2089 
1 2097 
1 2173 
1 3151 
1 3273 
1 3320 
1 3326 
1 3369 
1 3499 
1 3522 
1 3529 
1 3530 
1 3544 
1 3558 
1 3569 
1 3653 
1 3671 
1 3816 
1 3938 
1 3992 
1 4076 
1 4111 
1 4112 
1 4177 
1 4245 
1 4516 
1 4619 
1 4904 
1 4908 
1 5117 
1 5903 
1 6050 
1 6103 
1 6115 
1 6282 
1 6287 
1 6318 
1 6332 
1 6377 
1 6380 
1 6384 
1 6469 
1 6488 
1 6521 
1 6613 
1 6626 
1 6766 
1 6906 
1 6995 
1 7011 
1 7125 
1 7129 
1 7183 
1 7408 
1 7622 
1 7798 
1 8007 
1 8095 
1 9279 
1 9297 
1 9347 
1 9355 
1 9392 
1 9427 
1 9570 
1 9648 
1 9660 
1 9737 
1 9753 
1 9764 
1 9769 
1 9793 
1 9817 
1 9821 
1 9833 
1 9843 
1 9904 
1 9907 
1 9979 
1 10024 
1 10068 
1 10076 
1 10265 
1 10309 
1 10371 
1 10451 
1 10507 
1 10747 
1 11105 
1 11293 
1 11465 
1 11516 
1 11531 
1 11542 
1 11544 
1 11586 
1 11666 
1 11707 
1 11746 
1 11805 
1 11818 
1 11834 
1 11913 
1 11952 
1 11968 
1 11995 
1 12023 
1 12137 
1 12345 
1 12364 
1 12406 
1 12466
1 12732 
1 12790 
1 12806 
1 12810 
1 12822 
1 12841 
1 12910 
1 13244 
1 13298 
1 13317 
1 13326 
1 13368 
1 13398 
1 13567 
1 13573 
1 13673 
1 13701 
1 13785 
1 13787 
1 13883 
1 14124 
1 14137 
1 14138 
1 14288 
1 14444 
